(kicad_pcb (version 20171130) (host pcbnew "(5.0.0)")

  (general
    (thickness 1.6)
    (drawings 74)
    (tracks 169)
    (zones 0)
    (modules 57)
    (nets 45)
  )

  (page A4)
  (layers
    (0 F.Cu signal)
    (31 B.Cu signal)
    (32 B.Adhes user)
    (33 F.Adhes user)
    (34 B.Paste user)
    (35 F.Paste user)
    (36 B.SilkS user)
    (37 F.SilkS user)
    (38 B.Mask user)
    (39 F.Mask user)
    (40 Dwgs.User user)
    (41 Cmts.User user)
    (42 Eco1.User user)
    (43 Eco2.User user)
    (44 Edge.Cuts user)
    (45 Margin user)
    (46 B.CrtYd user)
    (47 F.CrtYd user)
    (48 B.Fab user)
    (49 F.Fab user)
  )

  (setup
    (last_trace_width 0.25)
    (user_trace_width 0.254)
    (user_trace_width 0.381)
    (user_trace_width 0.762)
    (trace_clearance 0.2)
    (zone_clearance 0.508)
    (zone_45_only no)
    (trace_min 0.2)
    (segment_width 0.2)
    (edge_width 0.15)
    (via_size 0.8)
    (via_drill 0.4)
    (via_min_size 0.4)
    (via_min_drill 0.3)
    (uvia_size 0.3)
    (uvia_drill 0.1)
    (uvias_allowed no)
    (uvia_min_size 0.2)
    (uvia_min_drill 0.1)
    (pcb_text_width 0.3)
    (pcb_text_size 1.5 1.5)
    (mod_edge_width 0.15)
    (mod_text_size 1 1)
    (mod_text_width 0.15)
    (pad_size 5.08 5.08)
    (pad_drill 4.06)
    (pad_to_mask_clearance 0.2)
    (aux_axis_origin 0 0)
    (visible_elements 7FFFF7FF)
    (pcbplotparams
      (layerselection 0x010fc_ffffffff)
      (usegerberextensions false)
      (usegerberattributes false)
      (usegerberadvancedattributes false)
      (creategerberjobfile false)
      (excludeedgelayer true)
      (linewidth 0.100000)
      (plotframeref false)
      (viasonmask false)
      (mode 1)
      (useauxorigin false)
      (hpglpennumber 1)
      (hpglpenspeed 20)
      (hpglpendiameter 15.000000)
      (psnegative false)
      (psa4output false)
      (plotreference true)
      (plotvalue true)
      (plotinvisibletext false)
      (padsonsilk false)
      (subtractmaskfromsilk false)
      (outputformat 1)
      (mirror false)
      (drillshape 0)
      (scaleselection 1)
      (outputdirectory "Gerbs/"))
  )

  (net 0 "")
  (net 1 GND)
  (net 2 +3V3)
  (net 3 "Net-(D1-Pad2)")
  (net 4 "Net-(D2-Pad2)")
  (net 5 "Net-(D3-Pad2)")
  (net 6 "Net-(D4-Pad2)")
  (net 7 "Net-(D5-Pad2)")
  (net 8 "Net-(D6-Pad2)")
  (net 9 "Net-(D7-Pad2)")
  (net 10 "Net-(D8-Pad2)")
  (net 11 "Net-(D9-Pad2)")
  (net 12 "Net-(D10-Pad2)")
  (net 13 "Net-(D11-Pad2)")
  (net 14 "Net-(D12-Pad2)")
  (net 15 "Net-(D13-Pad2)")
  (net 16 "Net-(D14-Pad2)")
  (net 17 "Net-(D15-Pad2)")
  (net 18 "Net-(D16-Pad2)")
  (net 19 "Net-(D17-Pad2)")
  (net 20 "Net-(D18-Pad2)")
  (net 21 "Net-(D19-Pad2)")
  (net 22 "Net-(D20-Pad2)")
  (net 23 "Net-(D21-Pad1)")
  (net 24 Send_ArmArticulation)
  (net 25 REC_LED_ArmArticulation)
  (net 26 Send_ScienceSensor)
  (net 27 REC_LED_ScienceSensor)
  (net 28 Send_ScienceActuation)
  (net 29 REC_LED_ScienceActuation)
  (net 30 Send_Gimbal)
  (net 31 REC_LED_Gimbal)
  (net 32 REC_LED_DriveCommand)
  (net 33 Send_NavigationalControl)
  (net 34 REC_LED_NavigationalControl)
  (net 35 Send_12VDistribution)
  (net 36 REC_LED_12VDistribution)
  (net 37 Send_BatteryManagement)
  (net 38 REC_LED_BatteryManagement)
  (net 39 Send_PackVoltageDistribution)
  (net 40 REC_LED_PackVoltageDistribution)
  (net 41 Send_Multimedia)
  (net 42 REC_LED_Multimedia)
  (net 43 Send_DriveCommand)
  (net 44 "Net-(C1-Pad1)")

  (net_class Default "This is the default net class."
    (clearance 0.2)
    (trace_width 0.25)
    (via_dia 0.8)
    (via_drill 0.4)
    (uvia_dia 0.3)
    (uvia_drill 0.1)
    (add_net +3V3)
    (add_net GND)
    (add_net "Net-(C1-Pad1)")
    (add_net "Net-(D1-Pad2)")
    (add_net "Net-(D10-Pad2)")
    (add_net "Net-(D11-Pad2)")
    (add_net "Net-(D12-Pad2)")
    (add_net "Net-(D13-Pad2)")
    (add_net "Net-(D14-Pad2)")
    (add_net "Net-(D15-Pad2)")
    (add_net "Net-(D16-Pad2)")
    (add_net "Net-(D17-Pad2)")
    (add_net "Net-(D18-Pad2)")
    (add_net "Net-(D19-Pad2)")
    (add_net "Net-(D2-Pad2)")
    (add_net "Net-(D20-Pad2)")
    (add_net "Net-(D21-Pad1)")
    (add_net "Net-(D3-Pad2)")
    (add_net "Net-(D4-Pad2)")
    (add_net "Net-(D5-Pad2)")
    (add_net "Net-(D6-Pad2)")
    (add_net "Net-(D7-Pad2)")
    (add_net "Net-(D8-Pad2)")
    (add_net "Net-(D9-Pad2)")
    (add_net REC_LED_12VDistribution)
    (add_net REC_LED_ArmArticulation)
    (add_net REC_LED_BatteryManagement)
    (add_net REC_LED_DriveCommand)
    (add_net REC_LED_Gimbal)
    (add_net REC_LED_Multimedia)
    (add_net REC_LED_NavigationalControl)
    (add_net REC_LED_PackVoltageDistribution)
    (add_net REC_LED_ScienceActuation)
    (add_net REC_LED_ScienceSensor)
    (add_net Send_12VDistribution)
    (add_net Send_ArmArticulation)
    (add_net Send_BatteryManagement)
    (add_net Send_DriveCommand)
    (add_net Send_Gimbal)
    (add_net Send_Multimedia)
    (add_net Send_NavigationalControl)
    (add_net Send_PackVoltageDistribution)
    (add_net Send_ScienceActuation)
    (add_net Send_ScienceSensor)
  )

  (module Capacitor_SMD:C_0603_1608Metric_Pad1.05x0.95mm_HandSolder (layer F.Cu) (tedit 5B301BBE) (tstamp 5F875DF4)
    (at 116.6 89.535)
    (descr "Capacitor SMD 0603 (1608 Metric), square (rectangular) end terminal, IPC_7351 nominal with elongated pad for handsoldering. (Body size source: http://www.tortai-tech.com/upload/download/2011102023233369053.pdf), generated with kicad-footprint-generator")
    (tags "capacitor handsolder")
    (path /5FCADF1F)
    (attr smd)
    (fp_text reference C1 (at 0 1.905) (layer F.SilkS)
      (effects (font (size 1 1) (thickness 0.15)))
    )
    (fp_text value 10uF (at 0 1.43) (layer F.Fab)
      (effects (font (size 1 1) (thickness 0.15)))
    )
    (fp_line (start -0.8 0.4) (end -0.8 -0.4) (layer F.Fab) (width 0.1))
    (fp_line (start -0.8 -0.4) (end 0.8 -0.4) (layer F.Fab) (width 0.1))
    (fp_line (start 0.8 -0.4) (end 0.8 0.4) (layer F.Fab) (width 0.1))
    (fp_line (start 0.8 0.4) (end -0.8 0.4) (layer F.Fab) (width 0.1))
    (fp_line (start -0.171267 -0.51) (end 0.171267 -0.51) (layer F.SilkS) (width 0.12))
    (fp_line (start -0.171267 0.51) (end 0.171267 0.51) (layer F.SilkS) (width 0.12))
    (fp_line (start -1.65 0.73) (end -1.65 -0.73) (layer F.CrtYd) (width 0.05))
    (fp_line (start -1.65 -0.73) (end 1.65 -0.73) (layer F.CrtYd) (width 0.05))
    (fp_line (start 1.65 -0.73) (end 1.65 0.73) (layer F.CrtYd) (width 0.05))
    (fp_line (start 1.65 0.73) (end -1.65 0.73) (layer F.CrtYd) (width 0.05))
    (fp_text user %R (at 0 0) (layer F.Fab)
      (effects (font (size 0.4 0.4) (thickness 0.06)))
    )
    (pad 1 smd roundrect (at -0.875 0) (size 1.05 0.95) (layers F.Cu F.Paste F.Mask) (roundrect_rratio 0.25)
      (net 44 "Net-(C1-Pad1)"))
    (pad 2 smd roundrect (at 0.875 0) (size 1.05 0.95) (layers F.Cu F.Paste F.Mask) (roundrect_rratio 0.25)
      (net 1 GND))
    (model ${KISYS3DMOD}/Capacitor_SMD.3dshapes/C_0603_1608Metric.wrl
      (at (xyz 0 0 0))
      (scale (xyz 1 1 1))
      (rotate (xyz 0 0 0))
    )
  )

  (module Button_Switch_THT:SW_PUSH-12mm (layer F.Cu) (tedit 5A02FE31) (tstamp 5F919182)
    (at 194.39 111.56 90)
    (descr "SW PUSH 12mm https://www.e-switch.com/system/asset/product_line/data_sheet/143/TL1100.pdf")
    (tags "tact sw push 12mm")
    (path /5F80E069)
    (fp_text reference J2 (at 6.08 -4.66 90) (layer F.SilkS)
      (effects (font (size 1 1) (thickness 0.15)))
    )
    (fp_text value Conn_02x02_Top_Bottom (at 6.62 9.93 90) (layer F.Fab)
      (effects (font (size 1 1) (thickness 0.15)))
    )
    (fp_line (start 0.25 8.5) (end 12.25 8.5) (layer F.Fab) (width 0.1))
    (fp_line (start 0.25 -3.5) (end 12.25 -3.5) (layer F.Fab) (width 0.1))
    (fp_line (start 12.25 -3.5) (end 12.25 8.5) (layer F.Fab) (width 0.1))
    (fp_text user %R (at 6.35 2.54 90) (layer F.Fab)
      (effects (font (size 1 1) (thickness 0.15)))
    )
    (fp_line (start 0.1 -3.65) (end 12.4 -3.65) (layer F.SilkS) (width 0.12))
    (fp_line (start 12.4 0.93) (end 12.4 4.07) (layer F.SilkS) (width 0.12))
    (fp_line (start 12.4 8.65) (end 0.1 8.65) (layer F.SilkS) (width 0.12))
    (fp_line (start 0.1 -0.93) (end 0.1 -3.65) (layer F.SilkS) (width 0.12))
    (fp_line (start -1.77 -3.75) (end 14.25 -3.75) (layer F.CrtYd) (width 0.05))
    (fp_line (start -1.77 -3.75) (end -1.77 8.75) (layer F.CrtYd) (width 0.05))
    (fp_line (start 14.25 8.75) (end 14.25 -3.75) (layer F.CrtYd) (width 0.05))
    (fp_line (start 14.25 8.75) (end -1.77 8.75) (layer F.CrtYd) (width 0.05))
    (fp_circle (center 6.35 2.54) (end 10.16 5.08) (layer F.SilkS) (width 0.12))
    (fp_line (start 0.25 -3.5) (end 0.25 8.5) (layer F.Fab) (width 0.1))
    (fp_line (start 0.1 8.65) (end 0.1 5.93) (layer F.SilkS) (width 0.12))
    (fp_line (start 0.1 4.07) (end 0.1 0.93) (layer F.SilkS) (width 0.12))
    (fp_line (start 12.4 5.93) (end 12.4 8.65) (layer F.SilkS) (width 0.12))
    (fp_line (start 12.4 -3.65) (end 12.4 -0.93) (layer F.SilkS) (width 0.12))
    (pad 1 thru_hole oval (at 12.5 0 90) (size 3.048 1.7272) (drill 0.8128) (layers *.Cu *.Mask)
      (net 2 +3V3))
    (pad 2 thru_hole oval (at 12.5 5 90) (size 3.048 1.7272) (drill 0.8128) (layers *.Cu *.Mask)
      (net 26 Send_ScienceSensor))
    (pad 1 thru_hole oval (at 0 0 90) (size 3.048 1.7272) (drill 0.8128) (layers *.Cu *.Mask)
      (net 2 +3V3))
    (pad 2 thru_hole oval (at 0 5 90) (size 3.048 1.7272) (drill 0.8128) (layers *.Cu *.Mask)
      (net 26 Send_ScienceSensor))
    (model ${KISYS3DMOD}/Button_Switch_THT.3dshapes/SW_PUSH-12mm.wrl
      (at (xyz 0 0 0))
      (scale (xyz 1 1 1))
      (rotate (xyz 0 0 0))
    )
  )

  (module Button_Switch_THT:SW_PUSH-12mm (layer F.Cu) (tedit 5A02FE31) (tstamp 5F919473)
    (at 174.705 111.56 90)
    (descr "SW PUSH 12mm https://www.e-switch.com/system/asset/product_line/data_sheet/143/TL1100.pdf")
    (tags "tact sw push 12mm")
    (path /5F81347C)
    (fp_text reference J3 (at 6.08 -4.66 90) (layer F.SilkS)
      (effects (font (size 1 1) (thickness 0.15)))
    )
    (fp_text value Conn_02x02_Top_Bottom (at 6.62 9.93 90) (layer F.Fab)
      (effects (font (size 1 1) (thickness 0.15)))
    )
    (fp_line (start 0.25 8.5) (end 12.25 8.5) (layer F.Fab) (width 0.1))
    (fp_line (start 0.25 -3.5) (end 12.25 -3.5) (layer F.Fab) (width 0.1))
    (fp_line (start 12.25 -3.5) (end 12.25 8.5) (layer F.Fab) (width 0.1))
    (fp_text user %R (at 6.35 2.54 90) (layer F.Fab)
      (effects (font (size 1 1) (thickness 0.15)))
    )
    (fp_line (start 0.1 -3.65) (end 12.4 -3.65) (layer F.SilkS) (width 0.12))
    (fp_line (start 12.4 0.93) (end 12.4 4.07) (layer F.SilkS) (width 0.12))
    (fp_line (start 12.4 8.65) (end 0.1 8.65) (layer F.SilkS) (width 0.12))
    (fp_line (start 0.1 -0.93) (end 0.1 -3.65) (layer F.SilkS) (width 0.12))
    (fp_line (start -1.77 -3.75) (end 14.25 -3.75) (layer F.CrtYd) (width 0.05))
    (fp_line (start -1.77 -3.75) (end -1.77 8.75) (layer F.CrtYd) (width 0.05))
    (fp_line (start 14.25 8.75) (end 14.25 -3.75) (layer F.CrtYd) (width 0.05))
    (fp_line (start 14.25 8.75) (end -1.77 8.75) (layer F.CrtYd) (width 0.05))
    (fp_circle (center 6.35 2.54) (end 10.16 5.08) (layer F.SilkS) (width 0.12))
    (fp_line (start 0.25 -3.5) (end 0.25 8.5) (layer F.Fab) (width 0.1))
    (fp_line (start 0.1 8.65) (end 0.1 5.93) (layer F.SilkS) (width 0.12))
    (fp_line (start 0.1 4.07) (end 0.1 0.93) (layer F.SilkS) (width 0.12))
    (fp_line (start 12.4 5.93) (end 12.4 8.65) (layer F.SilkS) (width 0.12))
    (fp_line (start 12.4 -3.65) (end 12.4 -0.93) (layer F.SilkS) (width 0.12))
    (pad 1 thru_hole oval (at 12.5 0 90) (size 3.048 1.7272) (drill 0.8128) (layers *.Cu *.Mask)
      (net 2 +3V3))
    (pad 2 thru_hole oval (at 12.5 5 90) (size 3.048 1.7272) (drill 0.8128) (layers *.Cu *.Mask)
      (net 28 Send_ScienceActuation))
    (pad 1 thru_hole oval (at 0 0 90) (size 3.048 1.7272) (drill 0.8128) (layers *.Cu *.Mask)
      (net 2 +3V3))
    (pad 2 thru_hole oval (at 0 5 90) (size 3.048 1.7272) (drill 0.8128) (layers *.Cu *.Mask)
      (net 28 Send_ScienceActuation))
    (model ${KISYS3DMOD}/Button_Switch_THT.3dshapes/SW_PUSH-12mm.wrl
      (at (xyz 0 0 0))
      (scale (xyz 1 1 1))
      (rotate (xyz 0 0 0))
    )
  )

  (module Button_Switch_THT:SW_PUSH-12mm (layer F.Cu) (tedit 5A02FE31) (tstamp 5F880D13)
    (at 194.39 74.73 90)
    (descr "SW PUSH 12mm https://www.e-switch.com/system/asset/product_line/data_sheet/143/TL1100.pdf")
    (tags "tact sw push 12mm")
    (path /5F8134A7)
    (fp_text reference J4 (at 15.04 -3.255 180) (layer F.SilkS)
      (effects (font (size 1 1) (thickness 0.15)))
    )
    (fp_text value Conn_02x02_Top_Bottom (at 6.62 9.93 90) (layer F.Fab)
      (effects (font (size 1 1) (thickness 0.15)))
    )
    (fp_line (start 12.4 -3.65) (end 12.4 -0.93) (layer F.SilkS) (width 0.12))
    (fp_line (start 12.4 5.93) (end 12.4 8.65) (layer F.SilkS) (width 0.12))
    (fp_line (start 0.1 4.07) (end 0.1 0.93) (layer F.SilkS) (width 0.12))
    (fp_line (start 0.1 8.65) (end 0.1 5.93) (layer F.SilkS) (width 0.12))
    (fp_line (start 0.25 -3.5) (end 0.25 8.5) (layer F.Fab) (width 0.1))
    (fp_circle (center 6.35 2.54) (end 10.16 5.08) (layer F.SilkS) (width 0.12))
    (fp_line (start 14.25 8.75) (end -1.77 8.75) (layer F.CrtYd) (width 0.05))
    (fp_line (start 14.25 8.75) (end 14.25 -3.75) (layer F.CrtYd) (width 0.05))
    (fp_line (start -1.77 -3.75) (end -1.77 8.75) (layer F.CrtYd) (width 0.05))
    (fp_line (start -1.77 -3.75) (end 14.25 -3.75) (layer F.CrtYd) (width 0.05))
    (fp_line (start 0.1 -0.93) (end 0.1 -3.65) (layer F.SilkS) (width 0.12))
    (fp_line (start 12.4 8.65) (end 0.1 8.65) (layer F.SilkS) (width 0.12))
    (fp_line (start 12.4 0.93) (end 12.4 4.07) (layer F.SilkS) (width 0.12))
    (fp_line (start 0.1 -3.65) (end 12.4 -3.65) (layer F.SilkS) (width 0.12))
    (fp_text user %R (at 6.35 2.54 90) (layer F.Fab)
      (effects (font (size 1 1) (thickness 0.15)))
    )
    (fp_line (start 12.25 -3.5) (end 12.25 8.5) (layer F.Fab) (width 0.1))
    (fp_line (start 0.25 -3.5) (end 12.25 -3.5) (layer F.Fab) (width 0.1))
    (fp_line (start 0.25 8.5) (end 12.25 8.5) (layer F.Fab) (width 0.1))
    (pad 2 thru_hole oval (at 0 5 90) (size 3.048 1.7272) (drill 0.8128) (layers *.Cu *.Mask)
      (net 30 Send_Gimbal))
    (pad 1 thru_hole oval (at 0 0 90) (size 3.048 1.7272) (drill 0.8128) (layers *.Cu *.Mask)
      (net 2 +3V3))
    (pad 2 thru_hole oval (at 12.5 5 90) (size 3.048 1.7272) (drill 0.8128) (layers *.Cu *.Mask)
      (net 30 Send_Gimbal))
    (pad 1 thru_hole oval (at 12.5 0 90) (size 3.048 1.7272) (drill 0.8128) (layers *.Cu *.Mask)
      (net 2 +3V3))
    (model ${KISYS3DMOD}/Button_Switch_THT.3dshapes/SW_PUSH-12mm.wrl
      (at (xyz 0 0 0))
      (scale (xyz 1 1 1))
      (rotate (xyz 0 0 0))
    )
  )

  (module Button_Switch_THT:SW_PUSH-12mm (layer F.Cu) (tedit 5A02FE31) (tstamp 5F9157B2)
    (at 214.075 74.73 90)
    (descr "SW PUSH 12mm https://www.e-switch.com/system/asset/product_line/data_sheet/143/TL1100.pdf")
    (tags "tact sw push 12mm")
    (path /5F819D64)
    (fp_text reference J5 (at 15.04 -2.62 180) (layer F.SilkS)
      (effects (font (size 1 1) (thickness 0.15)))
    )
    (fp_text value Conn_02x02_Top_Bottom (at 6.62 9.93 90) (layer F.Fab)
      (effects (font (size 1 1) (thickness 0.15)))
    )
    (fp_line (start 12.4 -3.65) (end 12.4 -0.93) (layer F.SilkS) (width 0.12))
    (fp_line (start 12.4 5.93) (end 12.4 8.65) (layer F.SilkS) (width 0.12))
    (fp_line (start 0.1 4.07) (end 0.1 0.93) (layer F.SilkS) (width 0.12))
    (fp_line (start 0.1 8.65) (end 0.1 5.93) (layer F.SilkS) (width 0.12))
    (fp_line (start 0.25 -3.5) (end 0.25 8.5) (layer F.Fab) (width 0.1))
    (fp_circle (center 6.35 2.54) (end 10.16 5.08) (layer F.SilkS) (width 0.12))
    (fp_line (start 14.25 8.75) (end -1.77 8.75) (layer F.CrtYd) (width 0.05))
    (fp_line (start 14.25 8.75) (end 14.25 -3.75) (layer F.CrtYd) (width 0.05))
    (fp_line (start -1.77 -3.75) (end -1.77 8.75) (layer F.CrtYd) (width 0.05))
    (fp_line (start -1.77 -3.75) (end 14.25 -3.75) (layer F.CrtYd) (width 0.05))
    (fp_line (start 0.1 -0.93) (end 0.1 -3.65) (layer F.SilkS) (width 0.12))
    (fp_line (start 12.4 8.65) (end 0.1 8.65) (layer F.SilkS) (width 0.12))
    (fp_line (start 12.4 0.93) (end 12.4 4.07) (layer F.SilkS) (width 0.12))
    (fp_line (start 0.1 -3.65) (end 12.4 -3.65) (layer F.SilkS) (width 0.12))
    (fp_text user %R (at 6.35 2.54 90) (layer F.Fab)
      (effects (font (size 1 1) (thickness 0.15)))
    )
    (fp_line (start 12.25 -3.5) (end 12.25 8.5) (layer F.Fab) (width 0.1))
    (fp_line (start 0.25 -3.5) (end 12.25 -3.5) (layer F.Fab) (width 0.1))
    (fp_line (start 0.25 8.5) (end 12.25 8.5) (layer F.Fab) (width 0.1))
    (pad 2 thru_hole oval (at 0 5 90) (size 3.048 1.7272) (drill 0.8128) (layers *.Cu *.Mask)
      (net 43 Send_DriveCommand))
    (pad 1 thru_hole oval (at 0 0 90) (size 3.048 1.7272) (drill 0.8128) (layers *.Cu *.Mask)
      (net 2 +3V3))
    (pad 2 thru_hole oval (at 12.5 5 90) (size 3.048 1.7272) (drill 0.8128) (layers *.Cu *.Mask)
      (net 43 Send_DriveCommand))
    (pad 1 thru_hole oval (at 12.5 0 90) (size 3.048 1.7272) (drill 0.8128) (layers *.Cu *.Mask)
      (net 2 +3V3))
    (model ${KISYS3DMOD}/Button_Switch_THT.3dshapes/SW_PUSH-12mm.wrl
      (at (xyz 0 0 0))
      (scale (xyz 1 1 1))
      (rotate (xyz 0 0 0))
    )
  )

  (module Button_Switch_THT:SW_PUSH-12mm (layer F.Cu) (tedit 5A02FE31) (tstamp 5F880D47)
    (at 154.94 111.56 90)
    (descr "SW PUSH 12mm https://www.e-switch.com/system/asset/product_line/data_sheet/143/TL1100.pdf")
    (tags "tact sw push 12mm")
    (path /5F819D8F)
    (fp_text reference J6 (at 6.08 -4.66 90) (layer F.SilkS)
      (effects (font (size 1 1) (thickness 0.15)))
    )
    (fp_text value Conn_02x02_Top_Bottom (at 6.62 9.93 90) (layer F.Fab)
      (effects (font (size 1 1) (thickness 0.15)))
    )
    (fp_line (start 12.4 -3.65) (end 12.4 -0.93) (layer F.SilkS) (width 0.12))
    (fp_line (start 12.4 5.93) (end 12.4 8.65) (layer F.SilkS) (width 0.12))
    (fp_line (start 0.1 4.07) (end 0.1 0.93) (layer F.SilkS) (width 0.12))
    (fp_line (start 0.1 8.65) (end 0.1 5.93) (layer F.SilkS) (width 0.12))
    (fp_line (start 0.25 -3.5) (end 0.25 8.5) (layer F.Fab) (width 0.1))
    (fp_circle (center 6.35 2.54) (end 10.16 5.08) (layer F.SilkS) (width 0.12))
    (fp_line (start 14.25 8.75) (end -1.77 8.75) (layer F.CrtYd) (width 0.05))
    (fp_line (start 14.25 8.75) (end 14.25 -3.75) (layer F.CrtYd) (width 0.05))
    (fp_line (start -1.77 -3.75) (end -1.77 8.75) (layer F.CrtYd) (width 0.05))
    (fp_line (start -1.77 -3.75) (end 14.25 -3.75) (layer F.CrtYd) (width 0.05))
    (fp_line (start 0.1 -0.93) (end 0.1 -3.65) (layer F.SilkS) (width 0.12))
    (fp_line (start 12.4 8.65) (end 0.1 8.65) (layer F.SilkS) (width 0.12))
    (fp_line (start 12.4 0.93) (end 12.4 4.07) (layer F.SilkS) (width 0.12))
    (fp_line (start 0.1 -3.65) (end 12.4 -3.65) (layer F.SilkS) (width 0.12))
    (fp_text user %R (at 6.35 2.54 90) (layer F.Fab)
      (effects (font (size 1 1) (thickness 0.15)))
    )
    (fp_line (start 12.25 -3.5) (end 12.25 8.5) (layer F.Fab) (width 0.1))
    (fp_line (start 0.25 -3.5) (end 12.25 -3.5) (layer F.Fab) (width 0.1))
    (fp_line (start 0.25 8.5) (end 12.25 8.5) (layer F.Fab) (width 0.1))
    (pad 2 thru_hole oval (at 0 5 90) (size 3.048 1.7272) (drill 0.8128) (layers *.Cu *.Mask)
      (net 33 Send_NavigationalControl))
    (pad 1 thru_hole oval (at 0 0 90) (size 3.048 1.7272) (drill 0.8128) (layers *.Cu *.Mask)
      (net 2 +3V3))
    (pad 2 thru_hole oval (at 12.5 5 90) (size 3.048 1.7272) (drill 0.8128) (layers *.Cu *.Mask)
      (net 33 Send_NavigationalControl))
    (pad 1 thru_hole oval (at 12.5 0 90) (size 3.048 1.7272) (drill 0.8128) (layers *.Cu *.Mask)
      (net 2 +3V3))
    (model ${KISYS3DMOD}/Button_Switch_THT.3dshapes/SW_PUSH-12mm.wrl
      (at (xyz 0 0 0))
      (scale (xyz 1 1 1))
      (rotate (xyz 0 0 0))
    )
  )

  (module Button_Switch_THT:SW_PUSH-12mm (layer F.Cu) (tedit 5A02FE31) (tstamp 5F880D61)
    (at 137.16 111.56 90)
    (descr "SW PUSH 12mm https://www.e-switch.com/system/asset/product_line/data_sheet/143/TL1100.pdf")
    (tags "tact sw push 12mm")
    (path /5F819DBA)
    (fp_text reference J7 (at 6.08 -4.66 90) (layer F.SilkS)
      (effects (font (size 1 1) (thickness 0.15)))
    )
    (fp_text value Conn_02x02_Top_Bottom (at 6.62 9.93 90) (layer F.Fab)
      (effects (font (size 1 1) (thickness 0.15)))
    )
    (fp_line (start 0.25 8.5) (end 12.25 8.5) (layer F.Fab) (width 0.1))
    (fp_line (start 0.25 -3.5) (end 12.25 -3.5) (layer F.Fab) (width 0.1))
    (fp_line (start 12.25 -3.5) (end 12.25 8.5) (layer F.Fab) (width 0.1))
    (fp_text user %R (at 6.35 2.54 90) (layer F.Fab)
      (effects (font (size 1 1) (thickness 0.15)))
    )
    (fp_line (start 0.1 -3.65) (end 12.4 -3.65) (layer F.SilkS) (width 0.12))
    (fp_line (start 12.4 0.93) (end 12.4 4.07) (layer F.SilkS) (width 0.12))
    (fp_line (start 12.4 8.65) (end 0.1 8.65) (layer F.SilkS) (width 0.12))
    (fp_line (start 0.1 -0.93) (end 0.1 -3.65) (layer F.SilkS) (width 0.12))
    (fp_line (start -1.77 -3.75) (end 14.25 -3.75) (layer F.CrtYd) (width 0.05))
    (fp_line (start -1.77 -3.75) (end -1.77 8.75) (layer F.CrtYd) (width 0.05))
    (fp_line (start 14.25 8.75) (end 14.25 -3.75) (layer F.CrtYd) (width 0.05))
    (fp_line (start 14.25 8.75) (end -1.77 8.75) (layer F.CrtYd) (width 0.05))
    (fp_circle (center 6.35 2.54) (end 10.16 5.08) (layer F.SilkS) (width 0.12))
    (fp_line (start 0.25 -3.5) (end 0.25 8.5) (layer F.Fab) (width 0.1))
    (fp_line (start 0.1 8.65) (end 0.1 5.93) (layer F.SilkS) (width 0.12))
    (fp_line (start 0.1 4.07) (end 0.1 0.93) (layer F.SilkS) (width 0.12))
    (fp_line (start 12.4 5.93) (end 12.4 8.65) (layer F.SilkS) (width 0.12))
    (fp_line (start 12.4 -3.65) (end 12.4 -0.93) (layer F.SilkS) (width 0.12))
    (pad 1 thru_hole oval (at 12.5 0 90) (size 3.048 1.7272) (drill 0.8128) (layers *.Cu *.Mask)
      (net 2 +3V3))
    (pad 2 thru_hole oval (at 12.5 5 90) (size 3.048 1.7272) (drill 0.8128) (layers *.Cu *.Mask)
      (net 35 Send_12VDistribution))
    (pad 1 thru_hole oval (at 0 0 90) (size 3.048 1.7272) (drill 0.8128) (layers *.Cu *.Mask)
      (net 2 +3V3))
    (pad 2 thru_hole oval (at 0 5 90) (size 3.048 1.7272) (drill 0.8128) (layers *.Cu *.Mask)
      (net 35 Send_12VDistribution))
    (model ${KISYS3DMOD}/Button_Switch_THT.3dshapes/SW_PUSH-12mm.wrl
      (at (xyz 0 0 0))
      (scale (xyz 1 1 1))
      (rotate (xyz 0 0 0))
    )
  )

  (module Button_Switch_THT:SW_PUSH-12mm (layer F.Cu) (tedit 5A02FE31) (tstamp 5F876742)
    (at 137.24 74.53 90)
    (descr "SW PUSH 12mm https://www.e-switch.com/system/asset/product_line/data_sheet/143/TL1100.pdf")
    (tags "tact sw push 12mm")
    (path /5F819DE5)
    (fp_text reference J8 (at 14.84 -3.255 180) (layer F.SilkS)
      (effects (font (size 1 1) (thickness 0.15)))
    )
    (fp_text value Conn_02x02_Top_Bottom (at 6.62 9.93 90) (layer F.Fab)
      (effects (font (size 1 1) (thickness 0.15)))
    )
    (fp_line (start 12.4 -3.65) (end 12.4 -0.93) (layer F.SilkS) (width 0.12))
    (fp_line (start 12.4 5.93) (end 12.4 8.65) (layer F.SilkS) (width 0.12))
    (fp_line (start 0.1 4.07) (end 0.1 0.93) (layer F.SilkS) (width 0.12))
    (fp_line (start 0.1 8.65) (end 0.1 5.93) (layer F.SilkS) (width 0.12))
    (fp_line (start 0.25 -3.5) (end 0.25 8.5) (layer F.Fab) (width 0.1))
    (fp_circle (center 6.35 2.54) (end 10.16 5.08) (layer F.SilkS) (width 0.12))
    (fp_line (start 14.25 8.75) (end -1.77 8.75) (layer F.CrtYd) (width 0.05))
    (fp_line (start 14.25 8.75) (end 14.25 -3.75) (layer F.CrtYd) (width 0.05))
    (fp_line (start -1.77 -3.75) (end -1.77 8.75) (layer F.CrtYd) (width 0.05))
    (fp_line (start -1.77 -3.75) (end 14.25 -3.75) (layer F.CrtYd) (width 0.05))
    (fp_line (start 0.1 -0.93) (end 0.1 -3.65) (layer F.SilkS) (width 0.12))
    (fp_line (start 12.4 8.65) (end 0.1 8.65) (layer F.SilkS) (width 0.12))
    (fp_line (start 12.4 0.93) (end 12.4 4.07) (layer F.SilkS) (width 0.12))
    (fp_line (start 0.1 -3.65) (end 12.4 -3.65) (layer F.SilkS) (width 0.12))
    (fp_text user %R (at 6.35 2.54 90) (layer F.Fab)
      (effects (font (size 1 1) (thickness 0.15)))
    )
    (fp_line (start 12.25 -3.5) (end 12.25 8.5) (layer F.Fab) (width 0.1))
    (fp_line (start 0.25 -3.5) (end 12.25 -3.5) (layer F.Fab) (width 0.1))
    (fp_line (start 0.25 8.5) (end 12.25 8.5) (layer F.Fab) (width 0.1))
    (pad 2 thru_hole oval (at 0 5 90) (size 3.048 1.7272) (drill 0.8128) (layers *.Cu *.Mask)
      (net 37 Send_BatteryManagement))
    (pad 1 thru_hole oval (at 0 0 90) (size 3.048 1.7272) (drill 0.8128) (layers *.Cu *.Mask)
      (net 2 +3V3))
    (pad 2 thru_hole oval (at 12.5 5 90) (size 3.048 1.7272) (drill 0.8128) (layers *.Cu *.Mask)
      (net 37 Send_BatteryManagement))
    (pad 1 thru_hole oval (at 12.5 0 90) (size 3.048 1.7272) (drill 0.8128) (layers *.Cu *.Mask)
      (net 2 +3V3))
    (model ${KISYS3DMOD}/Button_Switch_THT.3dshapes/SW_PUSH-12mm.wrl
      (at (xyz 0 0 0))
      (scale (xyz 1 1 1))
      (rotate (xyz 0 0 0))
    )
  )

  (module Button_Switch_THT:SW_PUSH-12mm (layer F.Cu) (tedit 5A02FE31) (tstamp 5F910838)
    (at 155.02 74.53 90)
    (descr "SW PUSH 12mm https://www.e-switch.com/system/asset/product_line/data_sheet/143/TL1100.pdf")
    (tags "tact sw push 12mm")
    (path /5F8241F6)
    (fp_text reference J9 (at 14.84 -2.62) (layer F.SilkS)
      (effects (font (size 1 1) (thickness 0.15)))
    )
    (fp_text value Conn_02x02_Top_Bottom (at 6.62 9.93 90) (layer F.Fab)
      (effects (font (size 1 1) (thickness 0.15)))
    )
    (fp_line (start 0.25 8.5) (end 12.25 8.5) (layer F.Fab) (width 0.1))
    (fp_line (start 0.25 -3.5) (end 12.25 -3.5) (layer F.Fab) (width 0.1))
    (fp_line (start 12.25 -3.5) (end 12.25 8.5) (layer F.Fab) (width 0.1))
    (fp_text user %R (at 6.35 2.54 90) (layer F.Fab)
      (effects (font (size 1 1) (thickness 0.15)))
    )
    (fp_line (start 0.1 -3.65) (end 12.4 -3.65) (layer F.SilkS) (width 0.12))
    (fp_line (start 12.4 0.93) (end 12.4 4.07) (layer F.SilkS) (width 0.12))
    (fp_line (start 12.4 8.65) (end 0.1 8.65) (layer F.SilkS) (width 0.12))
    (fp_line (start 0.1 -0.93) (end 0.1 -3.65) (layer F.SilkS) (width 0.12))
    (fp_line (start -1.77 -3.75) (end 14.25 -3.75) (layer F.CrtYd) (width 0.05))
    (fp_line (start -1.77 -3.75) (end -1.77 8.75) (layer F.CrtYd) (width 0.05))
    (fp_line (start 14.25 8.75) (end 14.25 -3.75) (layer F.CrtYd) (width 0.05))
    (fp_line (start 14.25 8.75) (end -1.77 8.75) (layer F.CrtYd) (width 0.05))
    (fp_circle (center 6.35 2.54) (end 10.16 5.08) (layer F.SilkS) (width 0.12))
    (fp_line (start 0.25 -3.5) (end 0.25 8.5) (layer F.Fab) (width 0.1))
    (fp_line (start 0.1 8.65) (end 0.1 5.93) (layer F.SilkS) (width 0.12))
    (fp_line (start 0.1 4.07) (end 0.1 0.93) (layer F.SilkS) (width 0.12))
    (fp_line (start 12.4 5.93) (end 12.4 8.65) (layer F.SilkS) (width 0.12))
    (fp_line (start 12.4 -3.65) (end 12.4 -0.93) (layer F.SilkS) (width 0.12))
    (pad 1 thru_hole oval (at 12.5 0 90) (size 3.048 1.7272) (drill 0.8128) (layers *.Cu *.Mask)
      (net 2 +3V3))
    (pad 2 thru_hole oval (at 12.5 5 90) (size 3.048 1.7272) (drill 0.8128) (layers *.Cu *.Mask)
      (net 39 Send_PackVoltageDistribution))
    (pad 1 thru_hole oval (at 0 0 90) (size 3.048 1.7272) (drill 0.8128) (layers *.Cu *.Mask)
      (net 2 +3V3))
    (pad 2 thru_hole oval (at 0 5 90) (size 3.048 1.7272) (drill 0.8128) (layers *.Cu *.Mask)
      (net 39 Send_PackVoltageDistribution))
    (model ${KISYS3DMOD}/Button_Switch_THT.3dshapes/SW_PUSH-12mm.wrl
      (at (xyz 0 0 0))
      (scale (xyz 1 1 1))
      (rotate (xyz 0 0 0))
    )
  )

  (module Button_Switch_THT:SW_PUSH-12mm (layer F.Cu) (tedit 5A02FE31) (tstamp 5F9107BA)
    (at 174.705 74.73 90)
    (descr "SW PUSH 12mm https://www.e-switch.com/system/asset/product_line/data_sheet/143/TL1100.pdf")
    (tags "tact sw push 12mm")
    (path /5F824221)
    (fp_text reference J10 (at 15.04 -2.62 180) (layer F.SilkS)
      (effects (font (size 1 1) (thickness 0.15)))
    )
    (fp_text value Conn_02x02_Top_Bottom (at 6.62 9.93 90) (layer F.Fab)
      (effects (font (size 1 1) (thickness 0.15)))
    )
    (fp_line (start 12.4 -3.65) (end 12.4 -0.93) (layer F.SilkS) (width 0.12))
    (fp_line (start 12.4 5.93) (end 12.4 8.65) (layer F.SilkS) (width 0.12))
    (fp_line (start 0.1 4.07) (end 0.1 0.93) (layer F.SilkS) (width 0.12))
    (fp_line (start 0.1 8.65) (end 0.1 5.93) (layer F.SilkS) (width 0.12))
    (fp_line (start 0.25 -3.5) (end 0.25 8.5) (layer F.Fab) (width 0.1))
    (fp_circle (center 6.35 2.54) (end 10.16 5.08) (layer F.SilkS) (width 0.12))
    (fp_line (start 14.25 8.75) (end -1.77 8.75) (layer F.CrtYd) (width 0.05))
    (fp_line (start 14.25 8.75) (end 14.25 -3.75) (layer F.CrtYd) (width 0.05))
    (fp_line (start -1.77 -3.75) (end -1.77 8.75) (layer F.CrtYd) (width 0.05))
    (fp_line (start -1.77 -3.75) (end 14.25 -3.75) (layer F.CrtYd) (width 0.05))
    (fp_line (start 0.1 -0.93) (end 0.1 -3.65) (layer F.SilkS) (width 0.12))
    (fp_line (start 12.4 8.65) (end 0.1 8.65) (layer F.SilkS) (width 0.12))
    (fp_line (start 12.4 0.93) (end 12.4 4.07) (layer F.SilkS) (width 0.12))
    (fp_line (start 0.1 -3.65) (end 12.4 -3.65) (layer F.SilkS) (width 0.12))
    (fp_text user %R (at 6.35 2.54 90) (layer F.Fab)
      (effects (font (size 1 1) (thickness 0.15)))
    )
    (fp_line (start 12.25 -3.5) (end 12.25 8.5) (layer F.Fab) (width 0.1))
    (fp_line (start 0.25 -3.5) (end 12.25 -3.5) (layer F.Fab) (width 0.1))
    (fp_line (start 0.25 8.5) (end 12.25 8.5) (layer F.Fab) (width 0.1))
    (pad 2 thru_hole oval (at 0 5 90) (size 3.048 1.7272) (drill 0.8128) (layers *.Cu *.Mask)
      (net 41 Send_Multimedia))
    (pad 1 thru_hole oval (at 0 0 90) (size 3.048 1.7272) (drill 0.8128) (layers *.Cu *.Mask)
      (net 2 +3V3))
    (pad 2 thru_hole oval (at 12.5 5 90) (size 3.048 1.7272) (drill 0.8128) (layers *.Cu *.Mask)
      (net 41 Send_Multimedia))
    (pad 1 thru_hole oval (at 12.5 0 90) (size 3.048 1.7272) (drill 0.8128) (layers *.Cu *.Mask)
      (net 2 +3V3))
    (model ${KISYS3DMOD}/Button_Switch_THT.3dshapes/SW_PUSH-12mm.wrl
      (at (xyz 0 0 0))
      (scale (xyz 1 1 1))
      (rotate (xyz 0 0 0))
    )
  )

  (module Resistor_SMD:R_0603_1608Metric_Pad1.05x0.95mm_HandSolder (layer F.Cu) (tedit 5B301BBD) (tstamp 5F91D03F)
    (at 219.075 117.715 90)
    (descr "Resistor SMD 0603 (1608 Metric), square (rectangular) end terminal, IPC_7351 nominal with elongated pad for handsoldering. (Body size source: http://www.tortai-tech.com/upload/download/2011102023233369053.pdf), generated with kicad-footprint-generator")
    (tags "resistor handsolder")
    (path /5F780596)
    (attr smd)
    (fp_text reference R2 (at 0 -1.43 90) (layer F.SilkS)
      (effects (font (size 1 1) (thickness 0.15)))
    )
    (fp_text value 330 (at 0 1.43 90) (layer F.Fab)
      (effects (font (size 1 1) (thickness 0.15)))
    )
    (fp_line (start -0.8 0.4) (end -0.8 -0.4) (layer F.Fab) (width 0.1))
    (fp_line (start -0.8 -0.4) (end 0.8 -0.4) (layer F.Fab) (width 0.1))
    (fp_line (start 0.8 -0.4) (end 0.8 0.4) (layer F.Fab) (width 0.1))
    (fp_line (start 0.8 0.4) (end -0.8 0.4) (layer F.Fab) (width 0.1))
    (fp_line (start -0.171267 -0.51) (end 0.171267 -0.51) (layer F.SilkS) (width 0.12))
    (fp_line (start -0.171267 0.51) (end 0.171267 0.51) (layer F.SilkS) (width 0.12))
    (fp_line (start -1.65 0.73) (end -1.65 -0.73) (layer F.CrtYd) (width 0.05))
    (fp_line (start -1.65 -0.73) (end 1.65 -0.73) (layer F.CrtYd) (width 0.05))
    (fp_line (start 1.65 -0.73) (end 1.65 0.73) (layer F.CrtYd) (width 0.05))
    (fp_line (start 1.65 0.73) (end -1.65 0.73) (layer F.CrtYd) (width 0.05))
    (fp_text user %R (at 0 0 90) (layer F.Fab)
      (effects (font (size 0.4 0.4) (thickness 0.06)))
    )
    (pad 1 smd roundrect (at -0.875 0 90) (size 1.05 0.95) (layers F.Cu F.Paste F.Mask) (roundrect_rratio 0.25)
      (net 4 "Net-(D2-Pad2)"))
    (pad 2 smd roundrect (at 0.875 0 90) (size 1.05 0.95) (layers F.Cu F.Paste F.Mask) (roundrect_rratio 0.25)
      (net 24 Send_ArmArticulation))
    (model ${KISYS3DMOD}/Resistor_SMD.3dshapes/R_0603_1608Metric.wrl
      (at (xyz 0 0 0))
      (scale (xyz 1 1 1))
      (rotate (xyz 0 0 0))
    )
  )

  (module Resistor_SMD:R_0603_1608Metric_Pad1.05x0.95mm_HandSolder (layer F.Cu) (tedit 5B301BBD) (tstamp 5F880DF0)
    (at 213.995 117.715 90)
    (descr "Resistor SMD 0603 (1608 Metric), square (rectangular) end terminal, IPC_7351 nominal with elongated pad for handsoldering. (Body size source: http://www.tortai-tech.com/upload/download/2011102023233369053.pdf), generated with kicad-footprint-generator")
    (tags "resistor handsolder")
    (path /5F752796)
    (attr smd)
    (fp_text reference R1 (at 0 -1.43 90) (layer F.SilkS)
      (effects (font (size 1 1) (thickness 0.15)))
    )
    (fp_text value 330 (at 0 1.43 90) (layer F.Fab)
      (effects (font (size 1 1) (thickness 0.15)))
    )
    (fp_line (start -0.8 0.4) (end -0.8 -0.4) (layer F.Fab) (width 0.1))
    (fp_line (start -0.8 -0.4) (end 0.8 -0.4) (layer F.Fab) (width 0.1))
    (fp_line (start 0.8 -0.4) (end 0.8 0.4) (layer F.Fab) (width 0.1))
    (fp_line (start 0.8 0.4) (end -0.8 0.4) (layer F.Fab) (width 0.1))
    (fp_line (start -0.171267 -0.51) (end 0.171267 -0.51) (layer F.SilkS) (width 0.12))
    (fp_line (start -0.171267 0.51) (end 0.171267 0.51) (layer F.SilkS) (width 0.12))
    (fp_line (start -1.65 0.73) (end -1.65 -0.73) (layer F.CrtYd) (width 0.05))
    (fp_line (start -1.65 -0.73) (end 1.65 -0.73) (layer F.CrtYd) (width 0.05))
    (fp_line (start 1.65 -0.73) (end 1.65 0.73) (layer F.CrtYd) (width 0.05))
    (fp_line (start 1.65 0.73) (end -1.65 0.73) (layer F.CrtYd) (width 0.05))
    (fp_text user %R (at 0 0 90) (layer F.Fab)
      (effects (font (size 0.4 0.4) (thickness 0.06)))
    )
    (pad 1 smd roundrect (at -0.875 0 90) (size 1.05 0.95) (layers F.Cu F.Paste F.Mask) (roundrect_rratio 0.25)
      (net 3 "Net-(D1-Pad2)"))
    (pad 2 smd roundrect (at 0.875 0 90) (size 1.05 0.95) (layers F.Cu F.Paste F.Mask) (roundrect_rratio 0.25)
      (net 25 REC_LED_ArmArticulation))
    (model ${KISYS3DMOD}/Resistor_SMD.3dshapes/R_0603_1608Metric.wrl
      (at (xyz 0 0 0))
      (scale (xyz 1 1 1))
      (rotate (xyz 0 0 0))
    )
  )

  (module Resistor_SMD:R_0603_1608Metric_Pad1.05x0.95mm_HandSolder (layer F.Cu) (tedit 5B301BBD) (tstamp 5F880E01)
    (at 199.39 117.715 90)
    (descr "Resistor SMD 0603 (1608 Metric), square (rectangular) end terminal, IPC_7351 nominal with elongated pad for handsoldering. (Body size source: http://www.tortai-tech.com/upload/download/2011102023233369053.pdf), generated with kicad-footprint-generator")
    (tags "resistor handsolder")
    (path /5F80E079)
    (attr smd)
    (fp_text reference R5 (at 0 -1.43 90) (layer F.SilkS)
      (effects (font (size 1 1) (thickness 0.15)))
    )
    (fp_text value 330 (at 0 1.43 90) (layer F.Fab)
      (effects (font (size 1 1) (thickness 0.15)))
    )
    (fp_line (start -0.8 0.4) (end -0.8 -0.4) (layer F.Fab) (width 0.1))
    (fp_line (start -0.8 -0.4) (end 0.8 -0.4) (layer F.Fab) (width 0.1))
    (fp_line (start 0.8 -0.4) (end 0.8 0.4) (layer F.Fab) (width 0.1))
    (fp_line (start 0.8 0.4) (end -0.8 0.4) (layer F.Fab) (width 0.1))
    (fp_line (start -0.171267 -0.51) (end 0.171267 -0.51) (layer F.SilkS) (width 0.12))
    (fp_line (start -0.171267 0.51) (end 0.171267 0.51) (layer F.SilkS) (width 0.12))
    (fp_line (start -1.65 0.73) (end -1.65 -0.73) (layer F.CrtYd) (width 0.05))
    (fp_line (start -1.65 -0.73) (end 1.65 -0.73) (layer F.CrtYd) (width 0.05))
    (fp_line (start 1.65 -0.73) (end 1.65 0.73) (layer F.CrtYd) (width 0.05))
    (fp_line (start 1.65 0.73) (end -1.65 0.73) (layer F.CrtYd) (width 0.05))
    (fp_text user %R (at 0 0 90) (layer F.Fab)
      (effects (font (size 0.4 0.4) (thickness 0.06)))
    )
    (pad 1 smd roundrect (at -0.875 0 90) (size 1.05 0.95) (layers F.Cu F.Paste F.Mask) (roundrect_rratio 0.25)
      (net 7 "Net-(D5-Pad2)"))
    (pad 2 smd roundrect (at 0.875 0 90) (size 1.05 0.95) (layers F.Cu F.Paste F.Mask) (roundrect_rratio 0.25)
      (net 26 Send_ScienceSensor))
    (model ${KISYS3DMOD}/Resistor_SMD.3dshapes/R_0603_1608Metric.wrl
      (at (xyz 0 0 0))
      (scale (xyz 1 1 1))
      (rotate (xyz 0 0 0))
    )
  )

  (module Resistor_SMD:R_0603_1608Metric_Pad1.05x0.95mm_HandSolder (layer F.Cu) (tedit 5B301BBD) (tstamp 5F880E12)
    (at 194.31 117.715 90)
    (descr "Resistor SMD 0603 (1608 Metric), square (rectangular) end terminal, IPC_7351 nominal with elongated pad for handsoldering. (Body size source: http://www.tortai-tech.com/upload/download/2011102023233369053.pdf), generated with kicad-footprint-generator")
    (tags "resistor handsolder")
    (path /5F752B03)
    (attr smd)
    (fp_text reference R3 (at 0 -1.43 90) (layer F.SilkS)
      (effects (font (size 1 1) (thickness 0.15)))
    )
    (fp_text value 330 (at 0 1.43 90) (layer F.Fab)
      (effects (font (size 1 1) (thickness 0.15)))
    )
    (fp_line (start -0.8 0.4) (end -0.8 -0.4) (layer F.Fab) (width 0.1))
    (fp_line (start -0.8 -0.4) (end 0.8 -0.4) (layer F.Fab) (width 0.1))
    (fp_line (start 0.8 -0.4) (end 0.8 0.4) (layer F.Fab) (width 0.1))
    (fp_line (start 0.8 0.4) (end -0.8 0.4) (layer F.Fab) (width 0.1))
    (fp_line (start -0.171267 -0.51) (end 0.171267 -0.51) (layer F.SilkS) (width 0.12))
    (fp_line (start -0.171267 0.51) (end 0.171267 0.51) (layer F.SilkS) (width 0.12))
    (fp_line (start -1.65 0.73) (end -1.65 -0.73) (layer F.CrtYd) (width 0.05))
    (fp_line (start -1.65 -0.73) (end 1.65 -0.73) (layer F.CrtYd) (width 0.05))
    (fp_line (start 1.65 -0.73) (end 1.65 0.73) (layer F.CrtYd) (width 0.05))
    (fp_line (start 1.65 0.73) (end -1.65 0.73) (layer F.CrtYd) (width 0.05))
    (fp_text user %R (at 0 0 90) (layer F.Fab)
      (effects (font (size 0.4 0.4) (thickness 0.06)))
    )
    (pad 1 smd roundrect (at -0.875 0 90) (size 1.05 0.95) (layers F.Cu F.Paste F.Mask) (roundrect_rratio 0.25)
      (net 5 "Net-(D3-Pad2)"))
    (pad 2 smd roundrect (at 0.875 0 90) (size 1.05 0.95) (layers F.Cu F.Paste F.Mask) (roundrect_rratio 0.25)
      (net 27 REC_LED_ScienceSensor))
    (model ${KISYS3DMOD}/Resistor_SMD.3dshapes/R_0603_1608Metric.wrl
      (at (xyz 0 0 0))
      (scale (xyz 1 1 1))
      (rotate (xyz 0 0 0))
    )
  )

  (module Resistor_SMD:R_0603_1608Metric_Pad1.05x0.95mm_HandSolder (layer F.Cu) (tedit 5B301BBD) (tstamp 5F880E23)
    (at 179.705 117.715 90)
    (descr "Resistor SMD 0603 (1608 Metric), square (rectangular) end terminal, IPC_7351 nominal with elongated pad for handsoldering. (Body size source: http://www.tortai-tech.com/upload/download/2011102023233369053.pdf), generated with kicad-footprint-generator")
    (tags "resistor handsolder")
    (path /5F81348C)
    (attr smd)
    (fp_text reference R7 (at 0 -1.43 90) (layer F.SilkS)
      (effects (font (size 1 1) (thickness 0.15)))
    )
    (fp_text value 330 (at 0 1.43 90) (layer F.Fab)
      (effects (font (size 1 1) (thickness 0.15)))
    )
    (fp_line (start -0.8 0.4) (end -0.8 -0.4) (layer F.Fab) (width 0.1))
    (fp_line (start -0.8 -0.4) (end 0.8 -0.4) (layer F.Fab) (width 0.1))
    (fp_line (start 0.8 -0.4) (end 0.8 0.4) (layer F.Fab) (width 0.1))
    (fp_line (start 0.8 0.4) (end -0.8 0.4) (layer F.Fab) (width 0.1))
    (fp_line (start -0.171267 -0.51) (end 0.171267 -0.51) (layer F.SilkS) (width 0.12))
    (fp_line (start -0.171267 0.51) (end 0.171267 0.51) (layer F.SilkS) (width 0.12))
    (fp_line (start -1.65 0.73) (end -1.65 -0.73) (layer F.CrtYd) (width 0.05))
    (fp_line (start -1.65 -0.73) (end 1.65 -0.73) (layer F.CrtYd) (width 0.05))
    (fp_line (start 1.65 -0.73) (end 1.65 0.73) (layer F.CrtYd) (width 0.05))
    (fp_line (start 1.65 0.73) (end -1.65 0.73) (layer F.CrtYd) (width 0.05))
